-0.0000000000000000 
-0.0000000000000000 
0.0000000000000000 
1.0000000000000000 
0.0000000000000000 
0.0000000000000000 
0.5000000000000000 
0.8660254037844386 
-0.0000000000000000 
0.5555555555555556 
1.2830005981991683 
0.9072184232530289 
1.0925925925925926 
0.6949586573578829 
1.5120307054217148 
1.3333333333333333 
0.7698003589195011 
0.5443310539518174 
0.5000000000000000 
0.2886751345948129 
0.8164965809277260 
0.0000000000000000 
0.0000000000000000 
-0.0000000000000000 
1.0000000000000000 
0.0000000000000000 
-0.0000000000000000 
0.5000000000000000 
0.8660254037844386 
0.0000000000000000 
1.3888888888888888 
-0.1603750747748960 
-0.9072184232530289 
0.5555555555555556 
1.2830005981991683 
-0.9072184232530289 
1.3333333333333333 
0.7698003589195011 
-0.5443310539518174 
0.5000000000000000 
0.2886751345948129 
-0.8164965809277260 
-0.0000000000000000 
0.0000000000000000 
0.0000000000000000 
1.0000000000000000 
0.0000000000000000 
-0.0000000000000000 
0.5000000000000000 
0.8660254037844386 
-0.0000000000000000 
-0.2962962962962963 
0.8553337321327789 
-0.6048122821686860 
0.5555555555555556 
1.2830005981991683 
-0.9072184232530289 
1.3333333333333333 
0.7698003589195011 
-0.5443310539518174 
0.5000000000000000 
0.2886751345948129 
-0.8164965809277260 
0.0000000000000000 
-0.0000000000000000 
-0.0000000000000000 
1.0000000000000000 
0.0000000000000000 
0.0000000000000000 
0.5000000000000000 
0.8660254037844386 
0.0000000000000000 
0.5000000000000000 
0.2886751345948129 
1.6329931618554521 
0.5000000000000000 
-0.2886751345948129 
0.8164965809277260 
-0.0000000000000000 
0.5773502691896257 
0.8164965809277260 
1.0000000000000000 
0.5773502691896257 
0.8164965809277260 
-0.0000000000000000 
-0.0000000000000000 
0.0000000000000000 
1.0000000000000000 
-0.0000000000000000 
0.0000000000000000 
0.5000000000000000 
0.8660254037844386 
0.0000000000000000 
1.3090169943749475 
0.7557613140761708 
0.5773502691896257 
0.5000000000000000 
1.2228474935575286 
0.9341723589627157 
-0.3090169943749475 
0.7557613140761708 
0.5773502691896257 
0.5000000000000000 
0.2277226448995094 
0.8355491589367869 
