0.0000000000000000 
0.0000000000000000 
0.0000000000000000 
1.0000000000000000 
-0.0000000000000000 
-0.0000000000000000 
0.5000000000000000 
0.8660254037844386 
-0.0000000000000000 
1.3333333333333333 
0.7698003589195011 
0.5443310539518174 
0.5555555555555556 
1.2830005981991683 
0.9072184232530289 
0.5000000000000000 
0.2886751345948129 
0.8164965809277260 
0.0000000000000000 
0.0000000000000000 
0.0000000000000000 
1.0000000000000000 
0.0000000000000000 
0.0000000000000000 
0.5000000000000000 
0.8660254037844386 
0.0000000000000000 
0.5000000000000000 
-0.2886751345948129 
-0.8164965809277260 
-0.0000000000000000 
0.5773502691896257 
-0.8164965809277260 
1.0000000000000000 
0.5773502691896257 
-0.8164965809277260 
