0.0000000000000000 
0.0000000000000000 
-0.0000000000000000 
1.0000000000000000 
0.0000000000000000 
0.0000000000000000 
0.5000000000000000 
0.8660254037844386 
0.0000000000000000 
0.5555555555555556 
1.2830005981991683 
-0.9072184232530289 
1.3888888888888888 
0.8018753738744803 
0.4536092116265145 
1.3888888888888888 
-0.1603750747748960 
-0.9072184232530289 
0.5000000000000000 
0.2886751345948129 
-0.8164965809277260 
1.3333333333333333 
0.7698003589195011 
-0.5443310539518174 
-0.0000000000000000 
-0.0000000000000000 
0.0000000000000000 
1.0000000000000000 
0.0000000000000000 
-0.0000000000000000 
0.5000000000000000 
0.8660254037844386 
0.0000000000000000 
1.0925925925925926 
0.6949586573578829 
1.5120307054217148 
0.5555555555555556 
1.2830005981991683 
0.9072184232530289 
1.0925925925925926 
1.6572091060072591 
0.1512030705421715 
0.5000000000000000 
0.2886751345948129 
0.8164965809277260 
1.3333333333333333 
0.7698003589195011 
0.5443310539518174 
-0.0000000000000000 
-0.0000000000000000 
-0.0000000000000000 
1.0000000000000000 
-0.0000000000000000 
0.0000000000000000 
0.5000000000000000 
0.8660254037844386 
0.0000000000000000 
0.5000000000000000 
0.2886751345948129 
1.6329931618554521 
0.5000000000000000 
1.4433756729740643 
0.8164965809277260 
0.5000000000000000 
-0.2886751345948129 
0.8164965809277260 
0.0000000000000000 
0.5773502691896257 
0.8164965809277260 
1.0000000000000000 
0.5773502691896257 
0.8164965809277260 
0.0000000000000000 
-0.0000000000000000 
-0.0000000000000000 
1.0000000000000000 
0.0000000000000000 
-0.0000000000000000 
0.5000000000000000 
0.8660254037844386 
0.0000000000000000 
1.0925925925925926 
0.6949586573578829 
1.5120307054217148 
1.4876543209876543 
1.5431646083895554 
1.1592235408233147 
0.5555555555555556 
1.2830005981991683 
0.9072184232530289 
0.5000000000000000 
0.2886751345948129 
0.8164965809277260 
1.3333333333333333 
0.7698003589195011 
0.5443310539518174 
0.0000000000000000 
0.0000000000000000 
0.0000000000000000 
1.0000000000000000 
0.0000000000000000 
0.0000000000000000 
0.5000000000000000 
0.8660254037844386 
0.0000000000000000 
-0.2962962962962963 
0.8553337321327789 
0.6048122821686860 
1.3333333333333333 
0.7698003589195011 
0.5443310539518174 
0.5555555555555556 
1.2830005981991683 
0.9072184232530289 
1.0925925925925926 
0.6949586573578829 
1.5120307054217148 
0.5000000000000000 
0.2886751345948129 
0.8164965809277260 
0.0000000000000000 
0.0000000000000000 
0.0000000000000000 
1.0000000000000000 
0.0000000000000000 
0.0000000000000000 
0.5000000000000000 
0.8660254037844386 
0.0000000000000000 
0.0061728395061728 
0.7519809061667347 
1.5523515242329606 
-0.2962962962962963 
0.8553337321327789 
0.6048122821686860 
0.5555555555555556 
1.2830005981991683 
0.9072184232530289 
1.3333333333333333 
0.7698003589195011 
0.5443310539518174 
0.5000000000000000 
0.2886751345948129 
0.8164965809277260 
-0.0000000000000000 
0.0000000000000000 
0.0000000000000000 
1.0000000000000000 
0.0000000000000000 
0.0000000000000000 
0.5000000000000000 
0.8660254037844386 
0.0000000000000000 
0.5000000000000000 
0.2886751345948129 
1.6329931618554521 
0.5000000000000000 
1.2509255832441892 
1.3608276348795434 
0.5000000000000000 
-0.2886751345948129 
0.8164965809277260 
-0.0000000000000000 
0.5773502691896257 
0.8164965809277260 
1.0000000000000000 
0.5773502691896257 
0.8164965809277260 
-0.0000000000000000 
0.0000000000000000 
-0.0000000000000000 
1.0000000000000000 
0.0000000000000000 
-0.0000000000000000 
1.5000000000000000 
0.8660254037844386 
0.0000000000000000 
1.0000000000000000 
0.5773502691896257 
1.6329931618554521 
0.5000000000000000 
0.8660254037844386 
0.0000000000000000 
1.5000000000000000 
0.2886751345948129 
0.8164965809277260 
1.0000000000000000 
1.1547005383792515 
0.8164965809277260 
0.5000000000000000 
0.2886751345948129 
0.8164965809277260 
0.0000000000000000 
-0.0000000000000000 
0.0000000000000000 
1.0000000000000000 
0.0000000000000000 
-0.0000000000000000 
0.5000000000000000 
0.8660254037844386 
0.0000000000000000 
-0.3090169943749475 
0.7557613140761708 
0.5773502691896257 
1.3090169943749475 
0.7557613140761708 
0.5773502691896257 
0.5000000000000000 
1.2228474935575286 
0.9341723589627157 
1.0610163477575298 
0.6602191159681337 
1.5413872848990990 
0.5000000000000000 
0.2277226448995094 
0.8355491589367869 
0.0000000000000000 
-0.0000000000000000 
0.0000000000000000 
1.0000000000000000 
0.0000000000000000 
0.0000000000000000 
0.5000000000000000 
0.8660254037844386 
-0.0000000000000000 
0.5000000000000000 
0.6749352988467043 
1.5008841121962733 
0.5000000000000000 
1.4192371061694347 
0.8330407026936286 
0.5000000000000000 
-0.0935050752806557 
0.8609627174836080 
-0.1445842732241550 
0.6608260382561780 
0.7364810487031470 
1.1445842732241549 
0.6608260382561780 
0.7364810487031470 
-0.0000000000000000 
-0.0000000000000000 
-0.0000000000000000 
1.0000000000000000 
-0.0000000000000000 
0.0000000000000000 
0.5000000000000000 
0.8660254037844386 
0.0000000000000000 
1.0925925925925926 
0.6949586573578829 
-1.5120307054217148 
1.3333333333333333 
0.7698003589195011 
-0.5443310539518174 
0.0987654320987654 
0.7412892345150750 
-1.6128327524498292 
0.5555555555555556 
1.2830005981991683 
-0.9072184232530289 
0.5000000000000000 
0.2886751345948129 
-0.8164965809277260 
0.0000000000000000 
-0.0000000000000000 
0.0000000000000000 
1.0000000000000000 
-0.0000000000000000 
-0.0000000000000000 
0.5000000000000000 
0.8660254037844386 
0.0000000000000000 
2.0000000000000000 
1.1547005383792515 
0.8164965809277260 
0.5000000000000000 
0.2886751345948129 
0.8164965809277260 
1.5000000000000000 
0.8660254037844386 
0.0000000000000000 
1.5000000000000000 
0.2886751345948129 
0.8164965809277260 
1.0000000000000000 
1.1547005383792515 
0.8164965809277260 
-0.0000000000000000 
0.0000000000000000 
0.0000000000000000 
1.0000000000000000 
0.0000000000000000 
-0.0000000000000000 
0.5000000000000000 
0.8660254037844386 
-0.0000000000000000 
1.1403508771929824 
1.6206323345673705 
0.1432450141978467 
1.4210526315789473 
0.8204451193747313 
-0.3867615383341860 
0.5321637426900585 
1.3336453586543986 
0.8833442542200545 
1.2894736842105263 
0.7444779786918858 
0.6016290596309560 
0.4074074074074074 
0.3421334928531116 
0.8467371950361603 
