-0.0000000000000000 
0.0000000000000000 
-0.0000000000000000 
1.0000000000000000 
0.0000000000000000 
-0.0000000000000000 
-0.5000000000000000 
0.8660254037844386 
-0.0000000000000000 
1.0000000000000000 
1.5396007178390021 
0.5443310539518174 
1.5000000000000000 
0.8660254037844386 
0.0000000000000000 
-0.0000000000000000 
1.5396007178390021 
0.5443310539518174 
-0.0000000000000000 
0.5773502691896257 
0.8164965809277260 
1.0000000000000000 
0.5773502691896257 
0.8164965809277260 
0.5000000000000000 
0.8660254037844386 
-0.0000000000000000 
0.0000000000000000 
-0.0000000000000000 
-0.0000000000000000 
1.0000000000000000 
-0.0000000000000000 
0.0000000000000000 
0.5000000000000000 
0.8660254037844386 
-0.0000000000000000 
-0.3230452674897119 
0.8470179875148214 
-0.7123344656653412 
0.0987654320987654 
0.7412892345150750 
-1.6128327524498292 
1.3333333333333333 
0.7698003589195011 
-0.5443310539518174 
1.0925925925925926 
0.6949586573578829 
-1.5120307054217148 
0.5555555555555556 
1.2830005981991683 
-0.9072184232530289 
0.5000000000000000 
0.2886751345948129 
-0.8164965809277260 
0.0000000000000000 
-0.0000000000000000 
0.0000000000000000 
1.0000000000000000 
-0.0000000000000000 
-0.0000000000000000 
0.5000000000000000 
0.8660254037844386 
0.0000000000000000 
1.0925925925925926 
0.6949586573578829 
-1.5120307054217148 
-0.3333333333333333 
0.7698003589195011 
-0.5443310539518174 
1.3333333333333333 
0.7698003589195011 
-0.5443310539518174 
0.5555555555555556 
1.2830005981991683 
-0.9072184232530289 
-0.0526315789473684 
0.7596714068284549 
-1.5040726490773901 
0.5000000000000000 
0.2886751345948129 
-0.8164965809277260 
-0.0000000000000000 
-0.0000000000000000 
0.0000000000000000 
1.0000000000000000 
0.0000000000000000 
-0.0000000000000000 
0.5000000000000000 
0.8660254037844386 
0.0000000000000000 
1.0701754385964912 
0.6550055685543123 
1.5518209871433390 
0.0789473684210526 
0.7849937870560702 
1.5756951561763135 
-0.2631578947368421 
0.9116056881941459 
0.6446025638903100 
1.3888888888888888 
0.6949586573578829 
0.6048122821686860 
0.6315789473684210 
1.2762479634718042 
0.9024435894464340 
0.5000000000000000 
0.2886751345948129 
0.8164965809277260 
-0.0000000000000000 
-0.0000000000000000 
-0.0000000000000000 
1.0000000000000000 
-0.0000000000000000 
-0.0000000000000000 
0.5000000000000000 
0.8660254037844386 
-0.0000000000000000 
0.9942370531694239 
0.5081767972839113 
1.6397684173822400 
1.3888888888888888 
0.5708938878059634 
0.7230806324086945 
0.0005650041605392 
0.6046222267709072 
1.5821998656412630 
-0.2672311927925856 
0.7316362702842899 
0.6271330461737330 
0.5899437864047182 
1.1226683366810686 
0.9623120701110417 
0.5000000000000000 
0.1324290379003260 
0.8558402595816547 
-0.0000000000000000 
-0.0000000000000000 
0.0000000000000000 
1.0000000000000000 
0.0000000000000000 
0.0000000000000000 
0.5000000000000000 
0.8660254037844386 
0.0000000000000000 
-0.2962962962962963 
0.8553337321327789 
-0.6048122821686860 
1.0925925925925926 
0.6949586573578829 
-1.5120307054217148 
1.3333333333333333 
0.7698003589195011 
-0.5443310539518174 
0.0987654320987654 
0.7412892345150750 
-1.6128327524498292 
0.5555555555555556 
1.2830005981991683 
-0.9072184232530289 
0.5000000000000000 
0.2886751345948129 
-0.8164965809277260 
-0.0000000000000000 
-0.0000000000000000 
0.0000000000000000 
1.0000000000000000 
-0.0000000000000000 
0.0000000000000000 
0.5000000000000000 
0.8660254037844386 
0.0000000000000000 
1.3950617283950617 
-0.1140444976177039 
-1.0080204702811433 
1.0925925925925926 
0.6949586573578829 
-1.5120307054217148 
0.5555555555555556 
1.2830005981991683 
-0.9072184232530289 
-0.2962962962962963 
0.8553337321327789 
-0.6048122821686860 
1.3333333333333333 
0.7698003589195011 
-0.5443310539518174 
0.5000000000000000 
0.2886751345948129 
-0.8164965809277260 
0.0000000000000000 
-0.0000000000000000 
0.0000000000000000 
1.0000000000000000 
0.0000000000000000 
0.0000000000000000 
0.5000000000000000 
0.8660254037844386 
0.0000000000000000 
-0.2962962962962963 
0.8553337321327789 
-0.6048122821686860 
1.0041152263374487 
0.6937706938410317 
-1.5792320701071245 
0.0061728395061728 
0.7519809061667347 
-1.5523515242329606 
1.3333333333333333 
0.7698003589195011 
-0.5443310539518174 
0.5555555555555556 
1.2830005981991683 
-0.9072184232530289 
0.5000000000000000 
0.2886751345948129 
-0.8164965809277260 
-0.0000000000000000 
0.0000000000000000 
0.0000000000000000 
1.0000000000000000 
0.0000000000000000 
0.0000000000000000 
0.5000000000000000 
0.8660254037844386 
0.0000000000000000 
0.0987654320987654 
0.7412892345150750 
-1.6128327524498292 
1.3333333333333333 
0.7698003589195011 
-0.5443310539518174 
0.5555555555555556 
1.2830005981991683 
-0.9072184232530289 
0.5720164609053497 
-0.1330519138873212 
-1.7203549359464845 
1.0925925925925926 
0.6949586573578829 
-1.5120307054217148 
0.5000000000000000 
0.2886751345948129 
-0.8164965809277260 
-0.0000000000000000 
-0.0000000000000000 
0.0000000000000000 
1.0000000000000000 
-0.0000000000000000 
0.0000000000000000 
0.5000000000000000 
0.8660254037844386 
0.0000000000000000 
1.3950617283950617 
-0.1140444976177039 
-1.0080204702811433 
0.0987654320987654 
0.7412892345150750 
-1.6128327524498292 
0.5555555555555556 
1.2830005981991683 
-0.9072184232530289 
1.0925925925925926 
0.6949586573578829 
-1.5120307054217148 
1.3333333333333333 
0.7698003589195011 
-0.5443310539518174 
0.5000000000000000 
0.2886751345948129 
-0.8164965809277260 
-0.0000000000000000 
-0.0000000000000000 
0.0000000000000000 
1.0000000000000000 
0.0000000000000000 
-0.0000000000000000 
0.5000000000000000 
0.8660254037844386 
-0.0000000000000000 
1.4876543209876543 
1.5431646083895554 
1.1592235408233147 
1.0925925925925926 
0.6949586573578829 
1.5120307054217148 
1.1584362139917694 
1.7023517196476003 
0.2284846399303925 
0.5000000000000000 
0.2886751345948129 
0.8164965809277260 
0.5555555555555556 
1.2830005981991683 
0.9072184232530289 
1.3333333333333333 
0.7698003589195011 
0.5443310539518174 
0.0000000000000000 
0.0000000000000000 
-0.0000000000000000 
1.0000000000000000 
0.0000000000000000 
0.0000000000000000 
0.5000000000000000 
0.8660254037844386 
0.0000000000000000 
1.4876543209876543 
1.5431646083895554 
1.1592235408233147 
2.0534979423868314 
0.7222818182454578 
1.2365051102115356 
0.5555555555555556 
1.2830005981991683 
0.9072184232530289 
1.0925925925925926 
0.6949586573578829 
1.5120307054217148 
0.5000000000000000 
0.2886751345948129 
0.8164965809277260 
1.3333333333333333 
0.7698003589195011 
0.5443310539518174 
-0.0000000000000000 
0.0000000000000000 
0.0000000000000000 
1.0000000000000000 
-0.0000000000000000 
0.0000000000000000 
0.5000000000000000 
0.8660254037844386 
-0.0000000000000000 
0.0987654320987654 
0.7412892345150750 
-1.6128327524498292 
1.0925925925925926 
0.6949586573578829 
-1.5120307054217148 
1.4876543209876543 
1.5431646083895554 
-1.1592235408233147 
0.5555555555555556 
1.2830005981991683 
-0.9072184232530289 
1.3333333333333333 
0.7698003589195011 
-0.5443310539518174 
0.5000000000000000 
0.2886751345948129 
-0.8164965809277260 
0.0000000000000000 
-0.0000000000000000 
0.0000000000000000 
1.0000000000000000 
-0.0000000000000000 
0.0000000000000000 
0.5000000000000000 
0.8660254037844386 
0.0000000000000000 
0.8333333333333334 
1.6358257627039396 
0.5443310539518174 
0.0000000000000000 
1.1547005383792515 
0.8164965809277260 
1.3333333333333333 
0.7698003589195011 
0.5443310539518174 
0.8333333333333334 
1.0584754935143139 
1.3608276348795434 
-0.0000000000000000 
0.5773502691896257 
1.6329931618554521 
0.5000000000000000 
0.2886751345948129 
0.8164965809277260 
-0.0000000000000000 
0.0000000000000000 
-0.0000000000000000 
1.0000000000000000 
-0.0000000000000000 
0.0000000000000000 
0.5000000000000000 
0.8660254037844386 
0.0000000000000000 
1.3090169943749475 
0.7557613140761708 
-0.5773502691896257 
-0.0610163477575299 
0.6602191159681337 
-1.5413872848990990 
-0.3090169943749475 
0.7557613140761708 
-0.5773502691896257 
0.9350060958699276 
0.6514315222072771 
-1.6300555993427754 
0.5000000000000000 
1.2228474935575286 
-0.9341723589627157 
0.5000000000000000 
0.2277226448995094 
-0.8355491589367869 
-0.0000000000000000 
0.0000000000000000 
0.0000000000000000 
1.0000000000000000 
-0.0000000000000000 
0.0000000000000000 
0.5000000000000000 
0.8660254037844386 
0.0000000000000000 
-0.2962962962962963 
0.8553337321327789 
-0.6048122821686860 
1.0925925925925926 
0.6949586573578829 
-1.5120307054217148 
0.5555555555555556 
1.2830005981991683 
-0.9072184232530289 
1.3888888888888888 
-0.1603750747748960 
-0.9072184232530289 
1.3333333333333333 
0.7698003589195011 
-0.5443310539518174 
0.5000000000000000 
0.2886751345948129 
-0.8164965809277260 
0.0000000000000000 
0.0000000000000000 
0.0000000000000000 
1.0000000000000000 
-0.0000000000000000 
0.0000000000000000 
0.5000000000000000 
0.8660254037844386 
0.0000000000000000 
0.6584362139917696 
-0.1900741626961731 
1.6800341171352386 
1.3950617283950617 
-0.1140444976177039 
1.0080204702811433 
0.5555555555555556 
1.2830005981991683 
0.9072184232530289 
1.0925925925925926 
0.6949586573578829 
1.5120307054217148 
1.3333333333333333 
0.7698003589195011 
0.5443310539518174 
0.5000000000000000 
0.2886751345948129 
0.8164965809277260 
-0.0000000000000000 
0.0000000000000000 
-0.0000000000000000 
1.0000000000000000 
-0.0000000000000000 
0.0000000000000000 
0.5000000000000000 
0.8660254037844386 
0.0000000000000000 
0.1588693957115010 
1.8023907526455860 
0.0827637859809781 
0.4074074074074074 
0.3421334928531116 
0.8467371950361603 
1.1403508771929824 
1.6206323345673705 
0.1432450141978467 
0.5321637426900585 
1.3336453586543986 
0.8833442542200545 
1.2894736842105263 
0.7444779786918858 
0.6016290596309560 
1.4210526315789473 
0.8204451193747313 
-0.3867615383341860 
-0.0000000000000000 
0.0000000000000000 
0.0000000000000000 
1.0000000000000000 
-0.0000000000000000 
0.0000000000000000 
0.5000000000000000 
0.8660254037844386 
0.0000000000000000 
1.0925925925925926 
1.6572091060072591 
0.1512030705421715 
-0.3333333333333333 
0.7698003589195011 
0.5443310539518174 
1.3333333333333333 
0.7698003589195011 
0.5443310539518174 
0.5555555555555556 
1.2830005981991683 
0.9072184232530289 
-0.0526315789473684 
0.7596714068284549 
1.5040726490773901 
0.5000000000000000 
0.2886751345948129 
0.8164965809277260 
0.0000000000000000 
0.0000000000000000 
-0.0000000000000000 
1.0000000000000000 
0.0000000000000000 
0.0000000000000000 
0.5000000000000000 
0.8660254037844386 
0.0000000000000000 
1.4746588693957114 
1.5998117108246648 
1.0854788853659048 
0.4074074074074074 
0.3421334928531116 
0.8467371950361603 
1.1403508771929824 
1.6206323345673705 
0.1432450141978467 
0.5321637426900585 
1.3336453586543986 
0.8833442542200545 
1.4210526315789473 
0.8204451193747313 
-0.3867615383341860 
1.2894736842105263 
0.7444779786918858 
0.6016290596309560 
-0.0000000000000000 
-0.0000000000000000 
-0.0000000000000000 
1.0000000000000000 
-0.0000000000000000 
0.0000000000000000 
1.5000000000000000 
0.8660254037844386 
-0.0000000000000000 
0.0000000000000000 
1.5396007178390021 
0.5443310539518174 
0.5000000000000000 
1.2509255832441892 
1.3608276348795434 
1.0000000000000000 
1.5396007178390021 
0.5443310539518174 
0.0000000000000000 
0.5773502691896257 
0.8164965809277260 
1.0000000000000000 
0.5773502691896257 
0.8164965809277260 
0.5000000000000000 
0.8660254037844386 
0.0000000000000000 
-0.0000000000000000 
0.0000000000000000 
0.0000000000000000 
1.0000000000000000 
-0.0000000000000000 
-0.0000000000000000 
0.5000000000000000 
0.8660254037844386 
0.0000000000000000 
1.0610163477575298 
0.6602191159681337 
-1.5413872848990990 
-0.3090169943749475 
0.7557613140761708 
-0.5773502691896257 
1.3090169943749475 
0.7557613140761708 
-0.5773502691896257 
-0.0610163477575299 
0.6602191159681337 
-1.5413872848990990 
0.5000000000000000 
1.2228474935575286 
-0.9341723589627157 
0.5000000000000000 
0.2277226448995094 
-0.8355491589367869 
-0.0000000000000000 
0.0000000000000000 
0.0000000000000000 
1.0000000000000000 
-0.0000000000000000 
-0.0000000000000000 
0.5000000000000000 
0.8660254037844386 
0.0000000000000000 
1.0332409972299168 
1.6600819374482869 
0.2917674762871930 
1.0332409972299168 
0.6336814588889521 
1.5618732688414334 
1.3531855955678671 
1.5206755705109949 
1.2288914375920530 
0.5000000000000000 
0.1817584180782155 
0.8467371950361603 
0.4570637119113574 
1.1754915453029777 
0.9499406204699306 
1.2894736842105263 
0.7444779786918858 
0.6016290596309560 
-0.0000000000000000 
-0.0000000000000000 
-0.0000000000000000 
1.0000000000000000 
0.0000000000000000 
0.0000000000000000 
0.5000000000000000 
0.8660254037844386 
0.0000000000000000 
1.0526315789473684 
0.7596714068284549 
-1.5040726490773901 
-0.3333333333333333 
0.7698003589195011 
-0.5443310539518174 
1.3333333333333333 
0.7698003589195011 
-0.5443310539518174 
0.4444444444444444 
1.2830005981991683 
-0.9072184232530289 
1.0526315789473684 
1.6712770950226008 
-0.2148675212967700 
0.5000000000000000 
0.2886751345948129 
-0.8164965809277260 
-0.0000000000000000 
0.0000000000000000 
0.0000000000000000 
1.0000000000000000 
0.0000000000000000 
-0.0000000000000000 
1.0000000000000000 
1.7320508075688772 
-0.0000000000000000 
-0.0000000000000000 
0.5773502691896257 
-0.8164965809277260 
1.5000000000000000 
1.4433756729740643 
-0.8164965809277260 
1.5000000000000000 
0.8660254037844386 
-0.0000000000000000 
0.5000000000000000 
1.4433756729740643 
-0.8164965809277260 
1.0000000000000000 
0.5773502691896257 
-0.8164965809277260 
0.5000000000000000 
0.8660254037844386 
0.0000000000000000 
0.0000000000000000 
-0.0000000000000000 
0.0000000000000000 
1.0000000000000000 
0.0000000000000000 
0.0000000000000000 
0.5000000000000000 
0.8660254037844386 
0.0000000000000000 
0.0000000000000000 
0.6844041692113991 
1.5540608224992307 
-0.2913347694675083 
0.7455524767659892 
0.5993959930525169 
1.2913347694675084 
0.7455524767659892 
0.5993959930525169 
1.0000000000000000 
0.6844041692113991 
1.5540608224992307 
0.5000000000000000 
1.2690686111916554 
0.9151809509397053 
0.5000000000000000 
0.1860263191507764 
0.8458097945656656 
0.0000000000000000 
-0.0000000000000000 
0.0000000000000000 
1.0000000000000000 
-0.0000000000000000 
0.0000000000000000 
0.5000000000000000 
0.8660254037844386 
0.0000000000000000 
0.0987654320987654 
0.7412892345150750 
-1.6128327524498292 
1.0925925925925926 
0.6949586573578829 
-1.5120307054217148 
1.0925925925925926 
1.6572091060072591 
-0.1512030705421715 
0.5555555555555556 
1.2830005981991683 
-0.9072184232530289 
1.3333333333333333 
0.7698003589195011 
-0.5443310539518174 
0.5000000000000000 
0.2886751345948129 
-0.8164965809277260 
0.0000000000000000 
0.0000000000000000 
0.0000000000000000 
1.0000000000000000 
-0.0000000000000000 
-0.0000000000000000 
0.5000000000000000 
0.8660254037844386 
0.0000000000000000 
1.0925925925925926 
0.6949586573578829 
-1.5120307054217148 
1.0925925925925926 
1.6572091060072591 
-0.1512030705421715 
1.4876543209876543 
1.6073146382995136 
-1.0685016984980118 
0.5000000000000000 
0.2886751345948129 
-0.8164965809277260 
0.5555555555555556 
1.2830005981991683 
-0.9072184232530289 
1.3333333333333333 
0.7698003589195011 
-0.5443310539518174 
0.0000000000000000 
-0.0000000000000000 
0.0000000000000000 
1.0000000000000000 
0.0000000000000000 
0.0000000000000000 
1.5000000000000000 
0.8660254037844386 
0.0000000000000000 
1.0000000000000000 
0.5773502691896257 
-1.6329931618554521 
0.0000000000000000 
1.1547005383792515 
-0.8164965809277260 
1.5000000000000000 
0.2886751345948129 
-0.8164965809277260 
0.5000000000000000 
0.8660254037844386 
0.0000000000000000 
1.0000000000000000 
1.1547005383792515 
-0.8164965809277260 
0.5000000000000000 
0.2886751345948129 
-0.8164965809277260 
-0.0000000000000000 
0.0000000000000000 
0.0000000000000000 
1.0000000000000000 
-0.0000000000000000 
0.0000000000000000 
0.5000000000000000 
0.8660254037844386 
0.0000000000000000 
1.0925925925925926 
1.6572091060072591 
-0.1512030705421715 
1.0925925925925926 
0.6949586573578829 
-1.5120307054217148 
0.5555555555555556 
1.2830005981991683 
-0.9072184232530289 
1.3950617283950617 
-0.1140444976177039 
-1.0080204702811433 
0.5000000000000000 
0.2886751345948129 
-0.8164965809277260 
1.3333333333333333 
0.7698003589195011 
-0.5443310539518174 
0.0000000000000000 
-0.0000000000000000 
0.0000000000000000 
1.0000000000000000 
0.0000000000000000 
0.0000000000000000 
0.5000000000000000 
0.8660254037844386 
0.0000000000000000 
1.3333333333333333 
0.1924500897298753 
-1.3608276348795434 
0.8333333333333334 
1.6358257627039396 
-0.5443310539518174 
0.8333333333333334 
1.0584754935143139 
-1.3608276348795434 
1.3333333333333333 
0.7698003589195011 
-0.5443310539518174 
0.0000000000000000 
1.1547005383792515 
-0.8164965809277260 
0.5000000000000000 
0.2886751345948129 
-0.8164965809277260 
-0.0000000000000000 
-0.0000000000000000 
-0.0000000000000000 
1.0000000000000000 
-0.0000000000000000 
0.0000000000000000 
0.5000000000000000 
0.8660254037844386 
0.0000000000000000 
1.3333333333333333 
0.7698003589195011 
0.5443310539518174 
0.0061728395061728 
0.7519809061667347 
1.5523515242329606 
-0.2962962962962963 
0.8553337321327789 
0.6048122821686860 
0.5555555555555556 
1.2830005981991683 
0.9072184232530289 
0.0061728395061728 
1.7142313548161110 
0.1915238893534172 
0.5000000000000000 
0.2886751345948129 
0.8164965809277260 
0.0000000000000000 
-0.0000000000000000 
0.0000000000000000 
1.0000000000000000 
0.0000000000000000 
0.0000000000000000 
0.5000000000000000 
0.8660254037844386 
0.0000000000000000 
-0.3333333333333333 
-0.1924500897298753 
-1.3608276348795434 
0.4444444444444444 
-0.7056503290095426 
-1.7237150041807550 
1.0000000000000000 
0.5773502691896257 
-0.8164965809277260 
0.5000000000000000 
0.2886751345948129 
-1.6329931618554521 
-0.0000000000000000 
0.5773502691896257 
-0.8164965809277260 
0.5000000000000000 
-0.2886751345948129 
-0.8164965809277260 
0.0000000000000000 
0.0000000000000000 
0.0000000000000000 
1.0000000000000000 
-0.0000000000000000 
0.0000000000000000 
0.5000000000000000 
0.8660254037844386 
-0.0000000000000000 
1.3950617283950617 
-0.1140444976177039 
1.0080204702811433 
1.4876543209876543 
1.5431646083895554 
1.1592235408233147 
0.5555555555555556 
1.2830005981991683 
0.9072184232530289 
1.0925925925925926 
0.6949586573578829 
1.5120307054217148 
0.5000000000000000 
0.2886751345948129 
0.8164965809277260 
1.3333333333333333 
0.7698003589195011 
0.5443310539518174 
-0.0000000000000000 
0.0000000000000000 
0.0000000000000000 
1.0000000000000000 
-0.0000000000000000 
0.0000000000000000 
0.5000000000000000 
0.8660254037844386 
0.0000000000000000 
1.3333333333333333 
-0.1924500897298753 
-1.3608276348795434 
-0.3333333333333333 
-0.1924500897298753 
-1.3608276348795434 
0.5000000000000000 
0.2886751345948129 
-1.6329931618554521 
-0.0000000000000000 
0.5773502691896257 
-0.8164965809277260 
1.0000000000000000 
0.5773502691896257 
-0.8164965809277260 
0.5000000000000000 
-0.2886751345948129 
-0.8164965809277260 
-0.0000000000000000 
-0.0000000000000000 
0.0000000000000000 
1.0000000000000000 
0.0000000000000000 
-0.0000000000000000 
0.5000000000000000 
0.8660254037844386 
0.0000000000000000 
0.1792367255945123 
0.7512882505658399 
-1.6429952359322257 
1.1597428722985965 
0.6695778595123445 
-1.4643024597229071 
1.4077435189160141 
-0.1214112593666039 
-0.9049886899188305 
0.5987265245410668 
1.2798472790774698 
-0.9049886899188305 
1.3664851663022710 
0.7889405786082467 
-0.4932153548965013 
0.5000000000000000 
0.2886751345948129 
-0.8164965809277260 
-0.0000000000000000 
0.0000000000000000 
0.0000000000000000 
1.0000000000000000 
0.0000000000000000 
0.0000000000000000 
0.5000000000000000 
0.8660254037844386 
-0.0000000000000000 
1.4876543209876543 
1.5431646083895554 
1.1592235408233147 
0.7572016460905350 
1.5776155503782368 
1.8413173923802217 
1.0925925925925926 
0.6949586573578829 
1.5120307054217148 
1.3333333333333333 
0.7698003589195011 
0.5443310539518174 
0.5000000000000000 
0.2886751345948129 
0.8164965809277260 
0.5555555555555556 
1.2830005981991683 
0.9072184232530289 
0.0000000000000000 
0.0000000000000000 
0.0000000000000000 
1.0000000000000000 
0.0000000000000000 
0.0000000000000000 
0.5000000000000000 
0.8660254037844386 
0.0000000000000000 
1.3333333333333333 
0.7698003589195011 
-0.5443310539518174 
0.8333333333333334 
1.6358257627039396 
-0.5443310539518174 
0.8333333333333334 
1.0584754935143139 
-1.3608276348795434 
0.0000000000000000 
1.1547005383792515 
-0.8164965809277260 
0.3333333333333333 
1.9245008972987525 
-1.3608276348795434 
0.5000000000000000 
0.2886751345948129 
-0.8164965809277260 
-0.0000000000000000 
0.0000000000000000 
0.0000000000000000 
1.0000000000000000 
-0.0000000000000000 
0.0000000000000000 
0.5000000000000000 
0.8660254037844386 
-0.0000000000000000 
-0.3090169943749475 
0.7557613140761708 
-0.5773502691896257 
1.0610163477575298 
0.6602191159681337 
-1.5413872848990990 
1.4133555614216515 
1.5314959708350460 
-1.1997241164308401 
1.3090169943749475 
0.7557613140761708 
-0.5773502691896257 
0.5000000000000000 
1.2228474935575286 
-0.9341723589627157 
0.5000000000000000 
0.2277226448995094 
-0.8355491589367869 
0.0000000000000000 
0.0000000000000000 
0.0000000000000000 
1.0000000000000000 
0.0000000000000000 
0.0000000000000000 
0.5000000000000000 
0.8660254037844386 
0.0000000000000000 
2.0473251028806585 
0.6118012111783071 
1.2264249055087242 
1.3950617283950617 
-0.1140444976177039 
1.0080204702811433 
0.5555555555555556 
1.2830005981991683 
0.9072184232530289 
1.0925925925925926 
0.6949586573578829 
1.5120307054217148 
0.5000000000000000 
0.2886751345948129 
0.8164965809277260 
1.3333333333333333 
0.7698003589195011 
0.5443310539518174 
-0.0000000000000000 
-0.0000000000000000 
0.0000000000000000 
1.0000000000000000 
0.0000000000000000 
0.0000000000000000 
0.5000000000000000 
0.8660254037844386 
0.0000000000000000 
1.6666666666666667 
1.5396007178390021 
1.0886621079036347 
0.8333333333333334 
1.6358257627039396 
0.5443310539518174 
0.8333333333333334 
1.0584754935143139 
1.3608276348795434 
1.3333333333333333 
0.7698003589195011 
0.5443310539518174 
0.0000000000000000 
1.1547005383792515 
0.8164965809277260 
0.5000000000000000 
0.2886751345948129 
0.8164965809277260 
0.0000000000000000 
-0.0000000000000000 
0.0000000000000000 
1.0000000000000000 
0.0000000000000000 
0.0000000000000000 
0.5000000000000000 
0.8660254037844386 
0.0000000000000000 
1.3888888888888888 
-0.1603750747748960 
0.9072184232530289 
1.0925925925925926 
1.6572091060072591 
0.1512030705421715 
0.5555555555555556 
1.2830005981991683 
0.9072184232530289 
1.0925925925925926 
0.6949586573578829 
1.5120307054217148 
0.5000000000000000 
0.2886751345948129 
0.8164965809277260 
1.3333333333333333 
0.7698003589195011 
0.5443310539518174 
0.0000000000000000 
0.0000000000000000 
0.0000000000000000 
1.0000000000000000 
0.0000000000000000 
-0.0000000000000000 
0.5000000000000000 
0.8660254037844386 
0.0000000000000000 
2.0000000000000000 
1.1547005383792515 
-0.8164965809277260 
1.0000000000000000 
0.5773502691896257 
-1.6329931618554521 
1.5000000000000000 
0.8660254037844386 
0.0000000000000000 
0.5000000000000000 
0.2886751345948129 
-0.8164965809277260 
1.5000000000000000 
0.2886751345948129 
-0.8164965809277260 
1.0000000000000000 
1.1547005383792515 
-0.8164965809277260 
-0.0000000000000000 
0.0000000000000000 
0.0000000000000000 
1.0000000000000000 
0.0000000000000000 
0.0000000000000000 
0.5000000000000000 
0.8660254037844386 
-0.0000000000000000 
-0.0610163477575299 
0.6602191159681337 
-1.5413872848990990 
1.3090169943749475 
0.7557613140761708 
-0.5773502691896257 
-0.3090169943749475 
0.7557613140761708 
-0.5773502691896257 
1.0610163477575298 
1.6607500039950014 
-0.2316753490748718 
0.5000000000000000 
0.2277226448995094 
-0.8355491589367869 
0.5000000000000000 
1.2228474935575286 
-0.9341723589627157 
0.0000000000000000 
0.0000000000000000 
-0.0000000000000000 
1.0000000000000000 
-0.0000000000000000 
0.0000000000000000 
0.5000000000000000 
0.8660254037844386 
-0.0000000000000000 
0.5000000000000000 
1.4192371061694347 
-0.8330407026936286 
0.5000000000000000 
0.6749352988467043 
-1.5008841121962733 
-0.1445842732241550 
0.6608260382561780 
-0.7364810487031470 
1.2601532848620762 
0.0251924668545673 
-1.4997724520716558 
1.1445842732241549 
0.6608260382561780 
-0.7364810487031470 
0.5000000000000000 
-0.0935050752806557 
-0.8609627174836080 
0.0000000000000000 
0.0000000000000000 
0.0000000000000000 
1.0000000000000000 
0.0000000000000000 
0.0000000000000000 
0.5000000000000000 
0.8660254037844386 
-0.0000000000000000 
1.5374404319626509 
1.5354475260518321 
-1.1362563135931063 
1.1597428722985965 
0.6695778595123445 
-1.4643024597229071 
1.4077435189160141 
-0.1214112593666039 
-0.9049886899188305 
0.5987265245410668 
1.2798472790774698 
-0.9049886899188305 
0.5000000000000000 
0.2886751345948129 
-0.8164965809277260 
1.3664851663022710 
0.7889405786082467 
-0.4932153548965013 
-0.0000000000000000 
0.0000000000000000 
0.0000000000000000 
1.0000000000000000 
-0.0000000000000000 
0.0000000000000000 
0.5000000000000000 
0.8660254037844386 
0.0000000000000000 
-0.2962962962962963 
0.8553337321327789 
0.6048122821686860 
1.0925925925925926 
1.6572091060072591 
0.1512030705421715 
1.3333333333333333 
0.7698003589195011 
0.5443310539518174 
0.5555555555555556 
1.2830005981991683 
0.9072184232530289 
1.0925925925925926 
0.6949586573578829 
1.5120307054217148 
0.5000000000000000 
0.2886751345948129 
0.8164965809277260 
-0.0000000000000000 
0.0000000000000000 
0.0000000000000000 
1.0000000000000000 
-0.0000000000000000 
-0.0000000000000000 
0.5000000000000000 
0.8660254037844386 
0.0000000000000000 
1.3090169943749475 
0.7557613140761708 
0.5773502691896257 
-0.0610163477575299 
0.6602191159681337 
1.5413872848990990 
-0.0610163477575299 
1.6607500039950014 
0.2316753490748718 
0.5000000000000000 
0.2277226448995094 
0.8355491589367869 
-0.3090169943749475 
0.7557613140761708 
0.5773502691896257 
0.5000000000000000 
1.2228474935575286 
0.9341723589627157 
-0.0000000000000000 
-0.0000000000000000 
-0.0000000000000000 
1.0000000000000000 
-0.0000000000000000 
-0.0000000000000000 
0.5000000000000000 
0.8660254037844386 
0.0000000000000000 
0.5000000000000000 
1.4192371061694347 
0.8330407026936286 
0.5000000000000000 
0.6749352988467043 
1.5008841121962733 
-0.2601532848620763 
1.3241945316784103 
1.4757956268657528 
0.5000000000000000 
-0.0935050752806557 
0.8609627174836080 
1.1445842732241549 
0.6608260382561780 
0.7364810487031470 
-0.1445842732241550 
0.6608260382561780 
0.7364810487031470 
-0.0000000000000000 
0.0000000000000000 
0.0000000000000000 
1.0000000000000000 
0.0000000000000000 
-0.0000000000000000 
0.5000000000000000 
0.8660254037844386 
-0.0000000000000000 
1.0000000000000000 
0.0000000000000000 
-1.6329931618554521 
0.5000000000000000 
0.8660254037844386 
-1.6329931618554521 
0.0000000000000000 
0.0000000000000000 
-1.6329931618554521 
0.5000000000000000 
-0.2886751345948129 
-0.8164965809277260 
-0.0000000000000000 
0.5773502691896257 
-0.8164965809277260 
1.0000000000000000 
0.5773502691896257 
-0.8164965809277260 
-0.0000000000000000 
0.0000000000000000 
0.0000000000000000 
1.0000000000000000 
-0.0000000000000000 
0.0000000000000000 
0.5000000000000000 
0.8660254037844386 
0.0000000000000000 
1.4873724356957945 
0.8587348761341963 
-0.1582482904638630 
0.6250000000000000 
0.3608439182435161 
-1.5664965809277260 
0.5000000000000000 
-0.2886751345948129 
-0.8164965809277260 
0.0000000000000000 
0.5773502691896257 
-0.8164965809277260 
1.3623724356957945 
0.2092158232958673 
-0.9082482904638630 
0.8623724356957945 
1.0752412270803060 
-0.9082482904638630 
-0.0000000000000000 
0.0000000000000000 
0.0000000000000000 
1.0000000000000000 
0.0000000000000000 
-0.0000000000000000 
1.0000000000000000 
1.7320508075688772 
0.0000000000000000 
1.0000000000000000 
0.5773502691896257 
1.6329931618554521 
1.5000000000000000 
0.8660254037844386 
0.0000000000000000 
1.5000000000000000 
0.2886751345948129 
0.8164965809277260 
0.5000000000000000 
0.8660254037844386 
-0.0000000000000000 
0.5000000000000000 
0.2886751345948129 
0.8164965809277260 
1.0000000000000000 
1.1547005383792515 
0.8164965809277260 
